###
Master.mkv
1.000000000000	0.000000000000	0.000000000000	0.000000000000
0.000000000000	1.000000000000	0.000000000000	0.000000000000
0.000000000000	0.000000000000	1.000000000000	0.000000000000
0.000000000000	0.000000000000	0.000000000000	1.000000000000
###
Sub1.mkv
-0.020742300898	0.319888502359	-0.947228133678	1215.772338867188
-0.248310670257	0.916097521782	0.314812868834	-456.498535156250
0.968458354473	0.241736799479	0.060429759324	1968.369628906250
0.000000000000	0.000000000000	0.000000000000	1.000000000000
###
Sub2.mkv
-0.998221755028	0.028481593356	0.052365597337	-91.296363830566
0.048391316086	0.900158107281	0.432866752148	-1001.452453613281
-0.034808583558	0.434631049633	-0.899935662746	4471.351562500000
0.000000000000	0.000000000000	0.000000000000	1.000000000000
###
Sub3.mkv
0.006639134604	-0.151031941175	0.988506615162	-1498.168579101563
0.184727668762	0.971700012684	0.147223412991	-278.931213378906
-0.982767343521	0.181627079844	0.034351024777	2089.546142578125
0.000000000000	0.000000000000	0.000000000000	1.000000000000