###
Master.mkv
1.000000000000	0.000000000000	0.000000000000	0.000000000000
0.000000000000	0.999742609323	-0.022687333573	0.000000000000
0.000000000000	0.022687333573	0.999742609323	0.000000000000
0.000000000000	0.000000000000	0.000000000000	1.000000000000
###
Sub1.mkv
0.003262548940	0.158023983240	-0.987429857254	2240.754882812500
-0.134737223387	0.978500425816	0.156149774790	-326.543151855469
0.990876019001	0.132534116507	0.024484118447	2489.085449218750
0.000000000000	0.000000000000	0.000000000000	1.000000000000
###
Sub2.mkv
-0.999287605286	0.017489278350	-0.033443044350	117.151992797852
0.009763699956	0.975777421294	0.218547675353	-600.226440429688
0.036455206573	0.218065444962	-0.975253030598	5110.304199218750
0.000000000000	0.000000000000	0.000000000000	1.000000000000
###
Sub3.mkv
0.007361589931	-0.138939142227	0.990273535252	-2110.854736328125
0.119770132005	0.983294010162	0.137069523335	-259.883605957031
-0.992774367332	0.117596141994	0.023879365996	2609.124267578125
0.000000000000	0.000000000000	0.000000000000	1.000000000000