MasterTrans
1.000000000000	0.000000000000	0.000000000000	0.000000000000
0.000000000000	0.999742609323	-0.022687333573	0.000000000000
0.000000000000	0.022687333573	0.999742609323	0.000000000000
0.000000000000	0.000000000000	0.000000000000	1.000000000000
Sub1Trans
0.063571296632	0.142366304994	-0.987770497799	1768.951049804688
-0.143290489912	0.980819165707	0.132142469287	-263.371765136719
0.987636864185	0.133137658238	0.082751676440	2948.689941406250
0.000000000000	0.000000000000	0.000000000000	1.000000000000
Sub2Trans
-0.999882698059	0.013539180073	-0.007161268669	327.008178710938
0.011649615131	0.975809024766	0.218314067582	-618.113647460938
0.009943824261	0.218205024779	-0.975852278771	6002.441406250000
0.000000000000	0.000000000000	0.000000000000	1.000000000000
Sub3Trans
-0.042360499501	-0.074520677328	0.996319353580	-1522.859741210938
0.083727508783	0.993441820145	0.077865295112	-163.678344726563
-0.995587885380	0.086717754602	-0.035843260586	3229.579589843750
0.000000000000	0.000000000000	0.000000000000	1.000000000000